INDEX

11116118 10171111144089171 11111111111114. 330
araque 2. 440. 6. 143, 1161. 10110 6. 0101110 1. 34, 111, 143, 401,
9011110111 mribus 1111 1. 874 63011. 10441 3. 801,
636 11111114. 1096 9141 4. 18, 911. 001111-
1110 1. 93913. 303,444, 11111111,0011116.816.1111· 1111111117
1074 9981 4· 2711 740 1 rem363‚1001 71181ῐῑῐῐῐῐῑῐ·2916341 69341
4. 144,6ς116. 303, 344, 1111114110,041111116.476. 1003
443, 1116 1111111694 neruumque 1. 638 1 3. 467,
111161614118816. 11111 mentis, conturbatio 91014160
1046 1111113174. maris 4 in 1111111111 sepelire 1110-
ξῖξςυξοξιίἀιέἓῆ tellus 2· 62ῗ11ἷ7αέῗ13ς61ἓ6111ῗ10711 1111ε1111ῗη213η121ς1ἶοιο64,
318 9416.813,814.11111111 111413111447416 1
1011411061078 480. 1011111830. unda· 167, 290. 1181111οζ ς· 459· 1
1111111. 11 10111914. lapidis 1049, levis 10 (1111111111 464.
1111101. 771. undas 1. 141. 1044, 1047. calores 1. 18111114991141111111111111
au 4. 401 30113.1014.1111101111, 401
11111 que 5. 813 1111011011146111110· 1110116111141
11116114. 19114. 644 111, ignes ς. 410. terra, 1111111.1ο8114.407,1104
aeribus 1. 636 vapores 6816 aetheraque 2.1114
001104·91114ς11.ςς4 08000010001040010- aetherea· 11111· 129, 111. 1
11111 1. 133, 601 1 3188, os 1111111111 1. 1136 798 1
Ι 19314. 141, 343 befli magnos commovit fun· 1111101010 4. 413, 909
11111 auras 1. 208, 784, 61111111141434 1111010111 101 4. 390
801, 804, 10861110413. 1111 1116134, 469, 4491 1111111116. 97
411110. 19074014· 41070. 1111. 1114. 01110130 1406
697 1 6. 1114. 9111101111 11401 3. 440, 849, 866, 1111111111 4. 183, 39114, 861
3137. intervallum 4. 1088,109814.1031, 6. 60
188, 198.Ι magnum ma· 111414. 671,8ο7, 816, aetheriis ignibus terras suf· 1
re 4. 277· 001100 491· 110.ιπς,ι117.ι444, 11001011 ¹
anns 503 144116. 444 :etheus 3. 8471 4 1161 4.
11111494141146, 1269, atas puerorum 101411011- 144, 447,484,410,484,
1186161047, 1061 da ludificetur 1. 93814. 649, 646, 6811 6. 480,
1111141104. 1285 14 491. 01111. 999
{erumna 4. 1061 zetasque 4. 819 {etherius 5. 116 , 168, 181,
aerumnabile magnopere erat aetate 3. 974. 1111011111. 10131047
61119 1341119811101114. Ε111101111111673ς
erumnarum 1. 109 884, 894 60111111073 110114. 639, 681
1111111113. 40 :etatem 3. 408,811, 9991 AEtnae impetus 0111ιί1εῇ111
001·1040.ιο70.147416· 4·112915·35716·235· ignibus2.593
119, 341, 948, 966, 1043, 1111116111 3. 671 111110111111111111 1713
111111.-. 1811111111 ..
affl, estut? 6· 712 aegtssgagzrlae 116661 10111- ΠΕΜ,341ς42,189013111ἓῗῖ1116.
1111111116. 371 ⁶ 1101011111 6011101464 . ¹
11111111, 11011611 mter se 01011111. 1401411440, 1011111111111101111111111111
diverfis fidera ferri 5. 44113. 817, 110414. 1. 1003
648 361,978,111411.606, 1100111116

11111111 ignis 1. 664 611 1 1. 906, 1009 1 3. 1110 1. 48, 316, 461 ,4441

011110001010301041 10714. 01116114 41411111. 141111.
1111101111 1111011111 111101 :eternaque 1.146,994 484 , 1011 1 4. 161, 307,

5:⁶¹5 ‘b 11111116. 601 ς38,446,83ο,,886. 101ιῖ
’118 1111610611 1611118116 6116118761
,ὦεῗῗὲενὶεῐωέ 11111111 1. 111 449

6’,16. mg 9014)ὶὲἰέοᾞ 11τὲ111ιέ 3. 986, 10861 4. 11911ἐὲιὲωο 1110 3. 7441

avum

 

