INDEX

1111111111, 616 11111114 ,969 11111116.1144

stertiss- 1061 111111041471964714.1111111119 1, 79

11111111 6. 914 999 1111111111 6 700
8111111119. 949 1111111111. 1,6814 981 111111111911111111191111111

1111111114.1099 1111111111111 queat sieri 1199
1111111116. 949 9761 ” 111111101111111119111111 1
1111111111111111111111111 11- 11111114 1176 119 55. 212
1111· {¹220 111111111111111,1311111191 ¹2⁶ ⁷³⁷
1111111114. 191 91096 subJ' Jungere2. 861
1111111114, 1179 1111116, 980 1111111111 1. 96
stimulis 41109 1111111,41111.6, 899 11111111997014, 1160
11111110191091 1111116896 sublimaque, 9111111111,
1111111119.99716.609 Arcadia 10111111 1111111111- 941
1111911114, 1091. 11 1111111119 91 forma 10111 debet sublme .
stingui, 11111νί111, 667 11111114 ,1190 videri 5. 979 J
stinguique 1010111111 817 11111111. 101 sublime volantes, 91111111 ’
stipata ,1191, 9961166, 11111114119. 1091 11061696 ’
ceiuieussmeic¹ 1113111611 1111111111 ι11111111 Ι1191111 [1111111964 m mm fem
11116496 1060 111111111111111111601
11111111,49111·11 1 partibus suasit6. 1180 submersaque, plur. 6. 940
11111669 suave 1,1,,4 914661,11111111111114,161
stipe' 11191111 ditantes 2. 669 , 1111011141119
617 11111111,919 1111111111,1099,104811.
1111114119607 1111111,,7 40 1197
19111 11411 1111 1111141114 191 sub bortu5 114
1111111119. 99 111111111111111114181,1111116944
11111119,1099,1964 907 111 bruitur omnis 11111111 ⁴-
11011111, 641 1111110411111111111111111110 964
1101111111.10671,94414.10 subsedere peffum 1111111
stomachi 1111111111 11110- 11111104111111111111. 919 cum civibus urbes6.
11114696 1111111, 14119.174,119 989
1111111114, 870161167 [11111114. 619 ,111 subsedit 1111111111, 111 111
stragemdatsouitu 1119101,1111111,111111.ς,1411 9499
Χ199 11111111. 469 Ι 111114111111,499
stragemque 1110919111 1, 111114 ,1191 1111111101, 990
stm ⁶ ἰ 1111111,[11196,681,7111,111111111194119119.
11,1111.11·.96
4847st5m51416. vietum 111111111611891111111111191
4,417,1411111111 6, 111111119101 1111161111.107811,1
· 1263 11111111 ,71119 4,44.9 fex 11111191.89
1111111411 1111111916 11119. 904 substernere 6111111
11111 9,1,116.1194 1111111111111111116 609 subſtrata, pier. ,4.419 15
111111 11111111111111 peruu- subditus6.041 044 619 ,
11119111191049 subdola 11111 ridet placidi 1111111116, 746
1111111114, 986 111111110111, ,999 11111111111111 babendo ι
11111411111111111111111 111101111111111111111111011- 919
1011011111410 119 ,1009 111,1111141079
11161111111116, 149 111111111111111111111111111111111116481 =
1111191111. 497 . (111111,1099111111111119,467
gelidai ſtringet aquei 911111111111101111111111111111111111989147461
strbb‘bsexorummez 1111111111 91196 subtilsbsffi, 899
1111111116,191111911119.ςο 1111111114.114,111
11111110910111119 ,1089 1111 be'tmittere5. 1017 1111111119 196
studeo 11 sociem scribendis sub 1111719896 11111111· imago 4791
1111111 111111 1111119, 174 111111111979913ώ11101931

 

