VOCABULORUM.

Ttalas 3444444. 446 juvenci, 714940 ,366 144643. 464 .
1441146 terram. 744 9444644644 equus florennaeta lacerant 3. 466614. 629
ter 1. 150913 86414 te5 4048 laceraru- 840

94. 44644· 404. 4404 1646664. 484 15055555,900
ter omne 4144444444. 64 6 Juventas ς. 886 lacerato nom 3 409

ter 1441411644 fecere 41414, 9444444444 2 44 lacerem fraudem41 464
ἲ4499ῃΐ 585 1006004·404.4406 &35th 88974

. ra ·

stite, 4414144444. 644 144644646. 396
Itinerque, utrque sequatur Ι.. . 1464114444. 449,66416.
it55⁶555³ 341444994444674444144ιηί- LAbabant 41441 claustra 1469411444. 694, 4633

44441183· 389 6. 1151 1444116444. 436 14. 348,
1010004- 406315 646 labare1 551 64664444. 444 460
jucunda stag-45 16 ··917 1486161444 439 1461464444, 4439

plur. 5. 896 1614644444. 746 1444964464446 .
9446444414, adv. sensus 4444· 1414414614 44414443, 494 14. lacrymam. 1170

gerez. 463. 6649644 cu 1207 lacrymas 4. 9414. 4496.

rant 31 corpora habebant 1414946444 animam 6. 14114446 446
9414414111441414 6.4,9 399 1414146444 14441464 437 1ι641111ω9617ῃῂἱὼιῃῃο bn
9444116146. 384 14641464416414444. 694 14441618141141444444144444644
5'555 41161144. 5. 2 1666141164 4344644 644 4. 949. 4644466444. 976.
acri judicio perpendes. 1414411144. 4673 rorantes 644 3 476. 14111

1041 1414416144, 44 78 6. 4446 0
jugeraa. 4664 labem 1414444444. .1545 1461444 1461114444, 4667
jugulentur 4. 4668 labendi 5. 469 1464444414 5. 893
9449414443. 668 14146444. 46616373 144164.46414.944
jumenta 4. 4336 labentes 1. 4633 14614446 humor 1. 259
4941144443. 866 labentia 1. 4, 4669143641 1461144. 98614 ,376 1 4.·
9446614444,161]1. 6, 4684 44444 944
9443444446. 4677 , 1414444144, 987 1411419444 liquorem 398
9443614444, 966 14141,14144.948 14644444. 4646
9444464444. 434 1414144,161414. 44714, 476 lacunarum. 4466
jungentes 1. 714 1414161444 ,4446 lacuum. 15656. 437, ςς4.
jungere 3. 864 55. 4648 141414644 4.· 44461 5. 746, 1611663. 4644
jungi ς. 439, 846 747 salfis 1446444144. 794
5'5555git4. 5186 laborant 6. 394, m, 85 146448, stag. 6746, 747.Ι
jungitur 4. 963164667 9644444414. 849 phur 5. 76, 464137156.
9444344144464 14146444 3, 47714, 4449, 437
junguntur 4. 736 46414443, 793144694 lacusque, 9144434416.
9444444144. 464 14146444. 41416 911661 538·

Jupiter6. 386,466 3. 64, 444 ‚fuam 4441614444 navet 441 1444 5.
94444. 4443,4446 444414, 21 86716 999
jure 2.426,1139 1 3 976. 4444414194444116644 14146· 1441444 4. 449, 46914. 433,

his 444, 44 744 ,4,.74467414 4649
9449914311164444 3. 479 laborem. 44414. 4, 44641 141144. 436 144361 4.
9444143, 64 3. 367, 464414. 4484, 4446
94114443 963 4443, 4474, 4348 1481144443.449,4ςο
94444464 justum liquido 4. 1414644443. 736 1414444 3. 545 ,

4434 14146444, nom. 2. 4463 14444,]4144. 3.96714.14631
9444144444 4389 laboret 3 <06 55 4399, glun 4. 449314.
9444464. 34144396 1414644414 4448144144. 43 4644, pa 44144. 44,4491
juvat ¹ 406 ¹ 2 444 44 4. 14100104· 446 4· 444.. 464. 59⁶5 844.

976 14144144. 4497 4449. 4414441144. 343, 494,
1400444004 44044 404 444 1014004 44044 4406 648. 44444· 919· vineta
9444444 res 4194644466. labrorum. 15. 4444444. 939. .'¹ 2. 4447 1 5. 4374

1061 1444444444448 61444443. 4648 Ῑωμ ¹

. 44 444

 

Α

