10011110111

mollis, noth. 1ιῖθῖ . 4 ι1 501,836 1 108314· 663180118οἶ
mollisque 6. 616 6Ξ916. 697, 661, 1111 mortalem 3. 414, 911, 941,
mollito. 969 ovidi contagia morbi 6. 768,881,897
Molossum, Molofforum ς. 1139 110111111,6111111111.33,67,
1061 ¹ morbida‚stng.6.955‚1090, 19111.79,171,619”13.
ad numen mentis momen· 1190,1111,1199 9961910118, 117916.
que ‚ motumque 3.145 110111111111116.1099 90. adj. 3. 418 1 9. 349
1..1 ¹² · ..11118111161, 11111116 ’
11011111191399 1170,1119,1130, 1193 110111111 1. 103, 1091 1 1.
1101111111 9. 311 morbo delirantes 4.’1198 ’ 898, 11931 3. 910, 7791
monimentis 111111 atomis 5. 11011011111111116.709 9. 143, 149, 789, 803,
370 1111111111111101110,1101111111 986,.1168,113716.41
18111111·..8818111116 18111 ⁶·
1 ι Ι
119111111119. 1109 1170 mortalibus 1. 66 1 1. 996,
monstrat 9. 1449 morborum 6. 1096, 1136 917, 979, 1031, 119813.
monstravit 6. 16 morbos 3. 41 1 9111 1 6. 1087, 1091 1 ς. 19, 106,
monstrent ς. 1031 771. 1111111113. 461 141, 941, 1091 , 1100,
111111131013 morbus 3. 693 1 6. 791, 116416.1,11, 391
in montem succedere sylvas 1111, 1104,1148. lethi mortalis 1. 855 1 3.·931,
cogebant 5.1369 fabricator 3. 473 843,946 “ “
montes 1. 18,1ο1,99814. 1110111.9719.61014.11971 morte 1. 111, 119 , 169 1 3.
11ι.391.491.408,4ὀο. 6· 191 171118. 8911198991.
97919.41,101,993,9901 1011111110 ferarum more 9. 919,1039,110116.1194,
6ᾉς19713,3190,468,489, 93ο1ῐ)1111 59 111ξέ111811111111361
9 , mor r . 1 ,h
montes 1111 clamore reje· moreris 1. 399 m04mem 1. 883 1 3. 339,
6111110011 od fidem 1101111664 ς70,884,939,947,988,
. mundi 2. 319 moresque 1. 991111111113. 1088 1 4. 43 , 1014 1 6.
franguntur in 11111111 con· 316 771
creti montes nimborum moreturvitrinmembrio 3. 11101116. 113ο,1193

6. 198 ·111, 111 1110111ἓ1161093, 1141

11011111111.17916.447 110113. 918 10111111161136
montibus 1. 184, 896, 1101111111,7111. 3. 941 11011111111116819, 1089
1084 1 1. 331 1 4. 141, moribundo 3. 1046 11101111 1. 88013. 39, 64, 79,
. 10141 9. 314, 493, 811, moribundos 3. 133 1101 1 4. 770 1 911791
944,114316. 188, 411, moribundus 3. 130, 693 61130 , 1110
739, 786, 9631111111 altis moribus 3. 7491 9. 899, mortisque 1. 4416. 1137
9. 661 957 mortuas. 1099141160
montis 6. 498, 463, 466, 1101111111116.111ο 1110161176
639, 681, 694, 696 1101111113. 606, 611 mota, plur. 3. 984
montivago , stag. fera'r' 1. 1110113111,71111.9.81 moribus 1. 19711. 183,
1ος mongens 61114 28⁶, ⁸95 1 3· 251, 161.
montivago generi ferarum moriturus 6. 961 337 , 9371 4 947, 10091
8191 11111.611.19111.111. 119661811116111.
monovagumgenosferarum 100113.119,919,811, 988
...8.18...1.1...... 111118881181ῑ888.11ἶ’,.1,1.1,’,,1,8;
mom 4. 11816.930,933 11111111 vitai 4. 769 10941 3. 3314. 18, 139,
1101111016. 144 1101111111 adfixo validis 5. 177, 111, 393, 86ο,94ς 1
1101111116. 337 1311 ς. 116,933,991, 110916.
morari 1. 104311. 164, 1101111366314. 1010 117, 176, 1036, 1148.
13316. 918 morsuque 390119. 1036, sollicito 1. 344
11101111,11111. 4. 960 1067 11011111161011
moratur 110671 4109 morsus 41078 11011111,111]1.3.3ο1.1111“. 3.

ιιο111,[1113. 3. 471, 486, mortale 1· 2585130141 1· 113 leffi

 

