VOCABULORUM

1 1111111641 11111114181111116· 1111111 1411
adipiscuntur 9. 633 1139 aquas, 1171. 3. 119 7 9. 683
111113, 171 adventumque 1.7 aquato ‚ nom. ς. 689
111111 1137174111818 11111111 1· 686 1⁶· 614, 11111111 1· 3⁶5, ⁶1⁶‚8492
1111111678 1131 107971.133,411,44173.
1111144. 317, 946 adverus 6.116,719 669 7 4. 1137
adjumento 6. 1011 1171111911 3. 96 1911119· 111411 'atque oculi
1111111111604 adversos. 101374 11397 4. 799
adiunxit 5. 1194 6. 719 14111143979. 1148
adjuta 1. 169 · adversum 4419 ex 1910 1. ⁸541 3· 11674
1111111111811 111111134918111810 1137
adjuvat 1. 819 huc animum te advertere 1410 4111140 1. 4373991,
adlabitur 4. 398 9111111611 1. 124 179 7 9. 1118. certamine
11111116· 182 1111111114 11111111
adlisa 4. 974 , 1111111,1111111119. 1069 191011111111113314101-
admirantur 1. 64176. 1111114103179.798 ’114961

890 ’ 'adulta 111111 gradus 11111- 11111 amplius 117110 3.
admiscent 1. 746 11111. 1111 969 1
admiscetur 4. 1140 adumbratim 4364 14101 1. 719 7 1, 376 7 6.
11111113. 839 111111111011111130 607,891’

1111111111 4. 1173 7 9. advolat 4. 316 1410111.1,769 7 9167,

1123 11101111191318 889, 999, 1116. ponti ,
1111111114. 1078 adurit 4. 330 1.8 7 1. 771 7 4. 413 7 6.
admixtum 1. 370, 888, 570, 11119111011111.738 439, 614. patuli 111111

6967381179366 11111.14,110074.493 6.107
11111111131093 1111113.107374.174,3087 1410191111 campi, 91111-
1111011116901 ι 9107076113 1111141019
1111ἃί 3. 688 11111111116.173 1171011, mari 3. 785 1 6.

110111141030 1 erg. 1083 611. 01111 1. 780 7 6.

1101111011 2. 679 gis 6. 984 61811610 3. 49179. 1197
110111113490 AEgocerotis, Capricorni 9. 6. 634
1109111111 4. 814 614 141011 suxi, [1111911114 &
11011111611111, aggreditur 13111116. 1221 aquato 3. 909

&incipit 3. 914 agre 1. 198 7 3. 874 7 4. 1911011, aequabilitate specu·
1190117119.111 1140 1011114.106,191

1101119101 agreestcorpori‚corpus aequoris422115.375
1161101119881661 aegmmess 3. 836 14101111114.314
1111117116· 474 aegrescimus 9. 390 1411118118 1 18171
11111141019 1311111390 1011, 1088
11111111197976188 1311 3. 111 7 9.,171 7 3. air 1. 386,393,396, 968, ⁴
1111111111. 413 171 77611811111011111,
11111111149134. 313, 1113113844 139,148,170,183,9717

427 , 11111171111111111 1111111811,
adfint 2· 1032 ⁶· 1, 1150 ¹ 141111161171110,
1111111111 11 1 11111 ⁶· 11³0 935‚951 1 ς- 111411,
adstans 3. 896 1910111 6. 1197 913 , 963 , 609, 636, 691 1
1111111 1. 90 agros 6. 1136 6. 366, 684 , 686, 10121
1111113.1091 13101114 1117 1019, 1096, 1033 , 1039,
1111613971 1 3.107,909 1099,1103,1116,1118
11111610141180 116.713,1139 1811.714,749,786,9987
11111111 41187 11379106.1109,1113 1130 7 3134 1 4· 1³⁹.
adsumitur 4. 1084 AEgy tum 6. 714 148,381,187,318,399,
adsunt 1.179 111 1197 367,96179.174, 179,
advenere in loca 6. 741 11111111 1. 1 911, 604 7 6. 149, 831,
advenerit 3. 783 14111. 709 7 31097 74. 1011,1033,1140
adveniens 4. 871 71133 1114 1111 rarum 2. 106. 1111-
1111113137 14111111 4 901 rum 149. multum 9.
1111111111 61691103 aequabat 6. 1179 980

613 m -

 

A

