INDEX

expulerit 611117 477 mino, exurgendi3. 773 114774471717774776. 348.

707477ιί73. 37 47741141,7147. 3477 1473. 767
exsrccereque 4. 673 , 7774009144714441747774 3.
47374731 quo 3101111477 ani·

7747· 3. ,38 7 F. 3414177907 nuces 1474134414
εκεξὲἰϋὲηζυ pamm mm 3611714343 376 , 141111311411, 843 33.
exspuere exanimo rationem 14071447647147 ,6, 7147364 7464

4. 7040 1717644107 lethi dolor 44 1777647414173, ιιι
4761176776. 907 7707177773, 473 fatalibus 7174117 indupedita
748741747144 6. 787, 360, 7764471773 ,743 3874

1444 7014773974 fatifoeuenrum 37414. 434
4711716476, 964 174476. 7784, 40711 nostru· 1771111703, 370
4767411176.·3118631111111171-743.706,7011174343.141134776.776ο

17473 46, 367 7790 1771137713, 7443
exsuperabat 601076 7473 [4471147776. 937 14113419, 490, 838
extenuatum. 484 144144708833, 836, 7770 14113413, 7067
extenrntnervos3 ,489 14414767147774477477777317774776174777147014714
extenuatur 4 7436 7767
extera ‚stuc-2· 2777461 144147 4879, 747933 saniei, ⁷fimulune 14114 5
externa ‚iffirueueo nn, ιι ..774774 9777 703
uteturque, 71.47 7. 431 6, 874, 7770, cenum 470 4117661613, 439
externiue. 703437, 7740 0471474474, 737, 4374- 14177773 867
4714747774. 7076 3147 Divum 144147 31477447 eux 7741477611 4
exterritum .103o 116 513
4761374173367074631.14311146464673177717474 stricare 74077117 164774 6.

rcoe 15 30 78 , 9
1171111411 ,stng. 6.7 1747711477, 777 ,774 1744117477. 743347079.
4767614776, 797 747 46 summam 1444771777 7411176, 689
441114671377 041344746117413, 7740 1471777777 horriferos ern·
extitit5. 888 14477644. 1 ,37 stane faucibus 74117773 e·
4710117744393 33. 734 1447647, 430 ’ 1025

407, 7017716699 14604, 7737 Ι1471117777 late differre 4.
extorquebat 7714776 7477 sm, 493 673
extra 7777747477 procedere 141471444763614111777 long& differt 6. 1

5. 1400 14141177737141411473, 934 690

extrahere331 331 1414714707 47777773 64433. 11477747 4 386 .

extraria lux, 47417774 4 7300 everri, genitalis

rw 171417 ἱ. ,37 93 μ77774..
extremus calor 41177774 pars 711441 us 4374 1770746. 48

47141176. 370 17114774, 377 1477110 Ι1437370747. 803
vanus 1771771777 77771744 737713 hllere5 ‚63 147717313- 804

3,708.141114,380 4411671417444. 34
171776113646, 697 1411117, 73734. 366, 339, 1417717714 arnus 44443711 6,
tunna, fing. vetusta 110- 173 ,8.13 1155 656

4114143, 977 nee me 7771771 141111 ι. 9473 414447171777717717 superante
1114147116 88, 884 598 coortaest 4668
474114.39147773..,9943477773377 147416414177176, 804
4776147774. 793 363, 473, 664 36, 73, fruereminasr. 747
4777114716 349 114 4177777, 69 1147 infestum fecere 71413,
4776144177 numerum 7. 177743 ,63 7743

637 147774 33147714 monumentis 1411411473, 7 477
4747117746. 7047 insuta 6077711484 uirum 14117 1441176344 exitus ι,
exultet 3. 747 5 330 707
exuperare 3. 1095 1777473443. 737 feminum 3746117777 funum
477747171713. 383 1474771 ,1477741443 7048 4. 846
exuperare, 7147. 7, 334 14774144. 7769 1474 7317747116. 397
1747413930 1774 3. 76 fere 47777474 militiai 1. 30.
monere

 

