VOCABULORUM.

8114947* 11111117 111, “33:33¹ ,ῗξζ ’11111
4444443144441444. ·49 r3dncnnt3. 990 Ι {³392 44 ²„
4610 444146. 3.7 impete redundat 744 40444144614443101111114
437 4441444449 ,460 441444. 917
4410444 foras emittimus 4414614 ‚fing 1. 436 443444 901
044 4 994 14141144. 481 143443. 848 991147
441444 per 44440 1444141401 1414114144. 4414 regn3vit5. 396
40190444. 417, 446 4414444441. 700 443444. 38
44414444441. 39 44141444441.449 1434444694
4440411446. 794 44144144441, 689 regnae. 916
unge, longeque recursant referri4. 393 1431144444. 464
4109 441444444. 633 terra fumans humorem 1014
·.441411444 1009 94· 978, 441441444498796. 64 1013414146, 944 ¹
,34 4414311143. 69 44474471. 4. 68994 111,
4441444044, ’403 4411441. 998, 963 436, 94833. 9 3134. 8833
4414144 41010 14140441. 464 6394, 918
4414144444 61144 ducitur, atque 44114444 414 143464, fing- 4. 486, 974. ·
4414143134 4936 plur. 1. 109
411.414144446 4496 reflexn,plur 4. 444 403464,714ν,4441110443141
4411144414 ,,31443 6. 607 14144614 ,7.144 4. 444 144106
,94,44114441 41094. 6179, 4414444444.89034.10783 reje632n33 voces 41 116411
4,48 7( 4 884, 986 93. 6. 930 4111114144. 330
lm 36914· 139, 190, refraenat 44164444 4444444. re33ce1e2.713 ,
176, 463, 906, 976,9813 1140 4474441149. 69096 89
ς. 498, 719, 1167, 44 473 4444444444. 483 rejicit1. 39
6608, 899, 918 1414444144 relligione 44144449. 689
4414144446 993 9119 141444444140146. 399
4414111. 967, 973 14144114ιί44 ,746 44194144 4041046 878 ,
4411441143. 69136. 4437 4414444446. 967 4411644 4. 946 9 ς. 904,
44141144. 311, 97999. 7469 401143414140444141110 plage 1419
6911 44 4111414 707 rel33333 3343
44114144,743,.4404,978, 1 13444. 779 reli 61143. 1048

64994. 6499, 141, 7973 4414411449. 746 4144444148, 91693414.
4179, 76994 619, plur. 1414441144. 866 04444116. 694

4.,911 679 9 4. 344 96. refutatu 44013444 convincere rel3nquat1. 704
533 981 14111414 3. 944 relinquebant 8014444013

4414144446. 493 4434144. 95 9800 ’

·.edducere5 4336 4434444, 1419493169 9 9 4411440141. 69993. 613
44141444141 ’fing- 1. 9499. 67 1147 1414114411. 447, 69714-
4411414444.106,49196.44341,4044...4499310409 4399649

812 4..1007391108 relinquit 1 9661 1· 404
14444441. 674, 79794 799, regesque, nom. 5. 1444 14,4 30939, 300
116.39499460 3e33b u35. 1135.reli3331u11t 1. 744 1 5·

1441434414 3860 33335 449

re 4143449. 404, 879 . m 4144, 743141444- 441144444973
redeo 5· 778 4441044404 estin 444444 44143444 31038 9 413399
4441411444. 49093101994, 3. 99 5. 64

1019 ,36 970, 871 443101. 74899. 809 44114401, 96193. 648
4441444411449344 44340444. 997, 4040, 40743 rellatum. 1000
44141444461446 493433.60934.3,79 44143401. 79, 81, 104961

1441411419.114ο 706, ’76 46·12111 1111 ¹²74
ι44114444441.79194.791 6. 66 ,74,3 74444414 14111340441. 6493 68919·

4441441449. 1891 449. 1001460, 4,93 1494· 149

4441444444. 34 6107444141 1411131044443.94
4411114444. 944 4 regmae 6 343. 1041433 41118414331116371 ⁶·
4441441. 44933. 901, 904, 441843 61 ,

93334. 41036637 4431044446734 Eu 141113404414441. 110 πῶς

 

