5··1ND·EX

11161011 chartis 4. 14
depellere 3. 344
dependet 6. 914
deperdere 3. 526
deperit 4. 496
deplexaeque, plur. 91340
deponere3 1072
6040011011.499
deprendere 3. ,871 16, 968
in eo tumultu deprensa 04-

vigia 6. 428

eprensus 5 988
60410664, plur. 5. 475

6011106604, 947

“ depressosque 6. 94

6091111619. 54016. 431
60444044141009
dereptae, plur. 61111160 4.

deridiculum3 778
60111410 46104 369
deruptaque 641146 938
6060006416. 44 6
6060046616. 404, 437
60606600101. 104
descriptaque ,ſsng. 5. 1440
60601010011166. 14 84
60601613. 124130, 433
6060114,4Ι,11ν 1 16914,
110114 19111 1886
6060116 ,.plur 5. 1070
606011016, 14 39
6060110011.1103
6061110160 9116114Ι 11110001 4
360
6066016411143.9.39.61001611·
61101914. 1116611041 931
6066669809. 49
6061660604. 114 9
60.601111114 404
6061004 ,1039
60640103. 364, 80319,
166, 1044 “
6069600164, subst. 3. 498
10110113. 489
10111113. 983

616441-1116814

’6010106016 404 0141 0110061411. 43

1101141103.110,44319,1111144.999,74.91314’,
979 1961449Η189818.

’60114614013446 9¹2
’1101141414940 6410 61611 14

detrahere 3, 513 0616401 Curetes 4, 633.

detrahit 6. 616 . 666661,616]6.1.49,104,147,

6010111014 ,499 144,468,334,40414.

6464161684 18613 0944411114

60116101. 34010646 Ecdi— 149, 146, 596, 33919,,91
bu} 61414 viarum 1104 99, 57, 100,109, 11411.
1

60606010 solem liguis 466- repe3tun1 0011111111 pertexere
vir5. 638 6611611419

6011116613. 363 dieis 1111041060το 0100100-

60110616 439 104 ,69

detulit 1. 119 19. 65 , 473, inceptumpergam pertexere
1091 16. 638 6666646. 41

60101644νί19. 404 1666161014 ,697

deveniemus 6.1131 armillum frede, 6680111410

,601011600161114101 dispuler- superbe 5. 1443

1411 10496 1161441040, 1083
101181411110104639
6016664 6616191114 3640601 0160 666600109.83,1383, 14081
1. 44 6.
6011066600140 41041 1666606609, 1041
devincere vulnere 41101641. 666660111016. 4
39, 0111661610 46641014 666613. 446
606661610011614 609010ἀ66666426416911ς9669,10941
6001111104499 61169, 11110040 cibus.
000 6011141110161401 40103. 4,1144,1.1391499416.
¹092 946 61111911· 191 14·
61061111. 49, 6914 .168, 633 =
394,1094194,14,148 61661443 416
149, 161, 309,1160, 666006110011104011006.
1169,1173,1400,14081414
669, 7,,074 416, 413, 1111001431613088
14 70 didurrturirrertus 3707
magna Delum 1114101 4, die 3714
998 diebus 5. 1166
Deum 0141101114. 698 pariles 66061100οᾶοε agitare
609060110101141116, 404 ,1. 1066
devolgata, plur. 68 diei 1. 10,5581 4. 8116.
[60109. 966119 743. lucida 10641 1481

dextere. 301, 302 4.,499139 16. 39. pun-
11041014,11111.4.,199 310. 604. 401. radiatum 111-

delpedum sub 101141 praebet adj. 46111. 4. 4871 4314, 613110 10116419. 699

4· 418

despeximuse. 443

601 icere 2. 914. 440
66660, 1611460144
destinel5 639
6066101614974
61111111981916. 555
6060116164. 46913643
6010160104. 14 ,74

601οι601004. 907

434 - 6606 ad mediam regionem
6011114 0091497 cum convenerunt 6.

6010464144004. 477 ’,434
dextram 3. 651 110111497819971161198.
dextrae 1. 318 primigenum muris 61 101-
dextris manibus 4, 49 11041104 “
dia, divina voluptas dux dies 1. 434,3431 3. 914,
viter. 172 941 1 9196, 98, 1186 1 3,
0164664,6ι’01’1109. 1386 64 1 4. 970,979, 1049,
6640, divina in 6111061160 1061,9.484,679,704,
10·1

 

