7001101011111

4077100077717. 711 conligit3. 98876, 325 92? 7.4, 807, 864
007411 οΗ7107ι771176,4ς7 con 110016 887 con 771141100 ,
0077707,,1“777940,9110,0077060707.477,ς71 consentanca 11171170 7. ,

7,.761777497ς 197, 0771176117, 699, 707, 777

497 716 0119999699
0077771117, [4871. stng. 711- 707706111177. 777 00760771717,677

177171· ς. 68. plur. 7, 00770447,.7177 2. 263 77. 0771077717 7. 7047 7 7,
1064 69116.1008· plur. 7. 708

007144774 47777767 700 ,711 7078877476, 979
conjecit 6. 679 0911707178. 749 70118110 7. 707 077, 16477.
7011106141, 10797 7. 7060, connexus, [7871. plor. 7. 470 7
197714ος7 61714’,716 191916 191111199141149461
7077061116474 447. odim .,, ,ςς6 617 7 ς 178
007170771477111111117. 799 0077190717 776 0071771088
conjecturs. 417,ς99 171- connixar.r59 0078711077, 717 811
717149ς6 0777711177. 7777ς, 1011 077871104489, 107
conjicere 1. 777 7 7. 770, 007071. 7676. 768 0071171111. 847, 884, 916,
7077 0074776771 omma 1777770117 109777 ,,ςος 67’ς, 77ς,

conjiciens 7. 78616. 844 1701111117 ς 107 89611 147181141341
conjiciunro. 77 conquaffatum 00771117 7. ς .98 Ι 6. 606, 881,

blande 0071601171 agni 7. 447 7779

770 0074776771 71077 anima· confimilicc ,1017
00777718714, 1779 17110 7107011718 ς99 0071117711. 87877. 97
07170777777470 corporis conqueputrescunt3. 744 0071111717, ς84·

71470771707, 8ς7 conquereretur 3 617 7071110701 169 617, 70¹!

9191116111671· 1- 849116 7074111117. 767 749, 7ς8, 889,,911 70777
67614· 881, 94616 669 conquisita 3. 470 7. 77,7 787,696, 9ος,
ς67, 101076677. 9141 0077417776 30³, 441 981,1119111169,6961
748011117466814· 0077160701111011711161101. 4.997ς.,61 66, 78116.
496167944766916 402 10294 ,464
1005 0077077146. 874 1700 11101 7071801011, 984

9911916108·169,16916 411 0771187707. 869
ς78 0077071177ς,.777176 7071118111,,777641,1077

0071778674497 894 00718771474776, 467 ,

9991119619, 691163· 666 0077071171 membra pavore 701160· 1770 71011117, 710

conjunctum 1461 ς, 1717 00710716. 797

maranensem 0077180714 87 0071017 3. ,777

conjungendo 6. 456 007714070499776.11ς9 00717777161779

conjungerc5. 1799 0077171771 membra timore 007101118888

0077117717. 851 71777 0071706177, 49

conjungito. 1998 00771971141197 cons ergcre3. 661

icffiacgnlhaffingggcrmi 11ἓῇξῶ 86241201 consprecorgruenss5³331412³⁰
solvitnraestur. 493 00767177170076, 1787 101716, 706

007141171777609 8609 10761777170111117, 77 007610171771. 717

’ 00111717,.91476.78 conscendere 5 179616. 9177117417ο9

7017141114. 1098 46 conspurcare tetro 6771070 6.

0071771716, 7 7 47717177 7077

ennean, ng. 71017807, 0076717671717 ,46 0011617711071717111701111717177
9607711111701111711000111 007101607718. 87 8. 92

..17613142 11.. {33335353851332 ξ1611116’ἔ.17111.,..

7071761111,[41]1,17117 4 0011607677. 740 111. 1778
4164114, 6. ςς7 0071076707Η91478ις4, 0011’77179977,479

00710617741968 170, 897, 7114107710914 7078117717899

1111111111173778ς9 00710741117777777 678 111ἷ1111ἷ111ῐ117146971ς. 7747

0011117771, 7099 9011166111111161·46ι ῙΞἛΉ constitua

 

